Accuracy: 0.9072817729534147
F1 Score: 0.9186830622768742
Precison: 0.9004665629860031
Recall: 0.9376518218623482