Accuracy: 0.9089538739825144
F1 Score: 0.9213951067152525
Precison: 0.9104938271604939
Recall: 0.9325605900948367