Accuracy: 0.9029243292131444
F1 Score: 0.9152185360716166
Precison: 0.8931140801644398
Recall: 0.9384449244060475