Accuracy: 0.905924920850294
F1 Score: 0.9170653907496013
Precison: 0.8942457231726283
Recall: 0.9410801963993454