Accuracy: 0.9054726368159204
F1 Score: 0.9167662285941856
Precison: 0.9006259780907668
Recall: 0.9334955393349554